======== BINDING-ADVERSARY ANATOMY, finest Variant B ========
[B finest] XF=160 na=2001 tol=0.0002 A=3
   LP value = 0.6842612   psi = [0.68426 0.15787 0.      0.      0.     ]
   DUAL re-verified grid-class bound = 0.6842588  (leakage <= 4.13e-06; tail-budget dual mass = 0.00e+00)
   KERNEL: 675 atoms; band mass +1.0143 oob mass -0.0143
   KERNEL min on (0,XF]: grid -8.711e-03 at x = 159.791; Lipschitz-certified min -1.239e-02 -> continuum-x promotion FAIL (grid-cell class only)
   oob S(alpha): min = -1.6549e+00; S(1.0) = +9.9980e-01; S(3) = +2.3213e+01
   S ~ 0 touch regions (S < 0.002): [1.016,1.016], [1.023,1.024], [1.030,1.031], [1.036,1.038], [1.041,1.042], [1.048,1.049], [1.054,1.056], [1.061,1.062], [1.068,1.070], [1.075,1.076], [1.079,1.081], [1.086,1.087], [1.093,1.095], [1.099,1.101], [1.103,1.107], [1.111,1.113], [1.117,1.119], [1.124,1.131], [1.135,1.138], [1.142,1.145], [1.149,1.157], [1.160,1.163], [1.167,1.175], [1.179,1.182], [1.185,1.188], [1.192,1.200], [1.204,1.207], [1.210,1.214], [1.216,1.226], [1.228,1.232], [1.234,1.244], [1.246,1.250], [1.254,1.257], [1.260,1.269], [1.272,1.276], [1.278,1.282], [1.285,1.294], [1.296,1.300], [1.303,1.312], [1.315,1.319], [1.322,1.325], [1.329,1.337], [1.341,1.344], [1.347,1.350], [1.353,1.362], [1.365,1.369], [1.372,1.380], [1.384,1.387], [1.391,1.393], [1.397,1.400], [1.402,1.405], [1.409,1.411], [1.416,1.418], [1.423,1.425], [1.429,1.431], [1.435,1.437], [1.442,1.443], [1.448,1.450], [1.454,1.456], [1.462,1.463], [1.466,1.468], [1.518,1.519], [1.651,1.651], [1.919,1.919], [1.966,1.966], [1.982,1.982], [1.986,1.988], [2.002,2.003], [2.026,2.026], [2.030,2.031], [2.035,2.036], [2.042,2.043], [2.048,2.050], [2.055,2.056], [2.060,2.061], [2.067,2.068], [2.073,2.075], [2.078,2.080], [2.085,2.087], [2.091,2.093], [2.096,2.098], [2.103,2.105], [2.109,2.111], [2.115,2.117], [2.122,2.123], [2.128,2.130], [2.135,2.137], [2.139,2.141], [2.146,2.149], [2.152,2.155], [2.157,2.160], [2.165,2.167], [2.171,2.173], [2.178,2.181], [2.182,2.185], [2.189,2.192], [2.196,2.199], [2.200,2.204], [2.208,2.210], [2.215,2.216], [2.221,2.224], [2.226,2.228], [2.233,2.235], [2.240,2.242], [2.246,2.253], [2.258,2.260], [2.264,2.272], [2.276,2.279], [2.283,2.285], [2.290,2.292], [2.294,2.297], [2.301,2.304], [2.308,2.310], [2.314,2.317], [2.319,2.322], [2.326,2.329], [2.333,2.335], [2.340,2.343], [2.344,2.347], [2.351,2.353], [2.358,2.360], [2.365,2.367], [2.369,2.372], [2.376,2.378], [2.383,2.385], [2.389,2.393], [2.394,2.397], [2.401,2.404], [2.408,2.410], [2.415,2.422], [2.426,2.429], [2.433,2.436], [2.437,2.440], [2.445,2.447], [2.452,2.454], [2.458,2.460], [2.464,2.466], [2.470,2.471], [2.476,2.478], [2.483,2.485], [2.490,2.492], [2.494,2.497], [2.502,2.503], [2.508,2.510], [2.515,2.516], [2.522,2.524], [2.528,2.530], [2.532,2.535], [2.540,2.542], [2.548,2.549], [2.553,2.556], [2.559,2.568], [2.571,2.573], [2.586,2.589], [2.604,2.607], [2.662,2.662], [2.692,2.692], [2.722,2.723], [2.777,2.778], [2.798,2.799], [2.827,2.827], [2.849,2.850], [2.877,2.878], [2.901,2.901], [2.932,2.933], [2.954,2.955], [2.973,2.973], [2.992,2.993]
   dual oob atoms (top 12 of 337): (1.149: 0.000255), (1.174: 0.000248), (1.124: 0.000241), (1.099: 0.000225), (1.199: 0.000216), (1.131: 0.000207), (1.074: 0.000207), (1.218: 0.000206), (1.193: 0.000204), (1.243: 0.000202), (1.106: 0.000198), (1.156: 0.000196)
   eta at floor -1 on x in [0.010, 41.125] (373 cells)
   largest eta cells: x~2.970: +27.641, x~3.990: +22.990, x~1.030: +21.371, x~1.050: +20.800, x~2.070: +19.359

Done.
